{
 "cells": [
  {
   "cell_type": "code",
   "execution_count": 2,
   "id": "threatened-conclusion",
   "metadata": {},
   "outputs": [],
   "source": [
    "import pandas as pd\n",
    "\n",
    "df1 = pd.read_csv(r'D:\\Own Drive\\all docs\\сабак\\4th course Fall\\MATH 440 Regression Analysis\\project\\datasets\\data17.txt', sep=\" \", header=None)\n",
    "df1.columns = ['x1', 'x2', 'x3', 'x4', 'x5','x6','x7','x8','x9','x10','x11','x12','x13','y']"
   ]
  },
  {
   "cell_type": "code",
   "execution_count": 3,
   "id": "cutting-independence",
   "metadata": {},
   "outputs": [
    {
     "data": {
      "text/html": [
       "<div>\n",
       "<style scoped>\n",
       "    .dataframe tbody tr th:only-of-type {\n",
       "        vertical-align: middle;\n",
       "    }\n",
       "\n",
       "    .dataframe tbody tr th {\n",
       "        vertical-align: top;\n",
       "    }\n",
       "\n",
       "    .dataframe thead th {\n",
       "        text-align: right;\n",
       "    }\n",
       "</style>\n",
       "<table border=\"1\" class=\"dataframe\">\n",
       "  <thead>\n",
       "    <tr style=\"text-align: right;\">\n",
       "      <th></th>\n",
       "      <th>x1</th>\n",
       "      <th>x2</th>\n",
       "      <th>x3</th>\n",
       "      <th>x4</th>\n",
       "      <th>x5</th>\n",
       "      <th>x6</th>\n",
       "      <th>x7</th>\n",
       "      <th>x8</th>\n",
       "      <th>x9</th>\n",
       "      <th>x10</th>\n",
       "      <th>x11</th>\n",
       "      <th>x12</th>\n",
       "      <th>x13</th>\n",
       "      <th>y</th>\n",
       "    </tr>\n",
       "  </thead>\n",
       "  <tbody>\n",
       "    <tr>\n",
       "      <th>0</th>\n",
       "      <td>1.6000</td>\n",
       "      <td>6.830</td>\n",
       "      <td>13.20</td>\n",
       "      <td>8.950</td>\n",
       "      <td>-3.900</td>\n",
       "      <td>13.700</td>\n",
       "      <td>1.2500</td>\n",
       "      <td>2.060</td>\n",
       "      <td>9.050</td>\n",
       "      <td>0.26</td>\n",
       "      <td>-3.870</td>\n",
       "      <td>0.961</td>\n",
       "      <td>6.14</td>\n",
       "      <td>-6.77</td>\n",
       "    </tr>\n",
       "    <tr>\n",
       "      <th>1</th>\n",
       "      <td>6.6800</td>\n",
       "      <td>5.940</td>\n",
       "      <td>-4.55</td>\n",
       "      <td>-2.260</td>\n",
       "      <td>-9.600</td>\n",
       "      <td>-3.720</td>\n",
       "      <td>-5.5000</td>\n",
       "      <td>-6.610</td>\n",
       "      <td>-2.960</td>\n",
       "      <td>4.50</td>\n",
       "      <td>-7.520</td>\n",
       "      <td>7.080</td>\n",
       "      <td>5.07</td>\n",
       "      <td>-23.30</td>\n",
       "    </tr>\n",
       "    <tr>\n",
       "      <th>2</th>\n",
       "      <td>12.6000</td>\n",
       "      <td>4.300</td>\n",
       "      <td>-3.76</td>\n",
       "      <td>-0.449</td>\n",
       "      <td>-6.020</td>\n",
       "      <td>-3.280</td>\n",
       "      <td>-0.0978</td>\n",
       "      <td>-0.264</td>\n",
       "      <td>-0.341</td>\n",
       "      <td>-5.13</td>\n",
       "      <td>-6.210</td>\n",
       "      <td>13.500</td>\n",
       "      <td>4.53</td>\n",
       "      <td>1.43</td>\n",
       "    </tr>\n",
       "    <tr>\n",
       "      <th>3</th>\n",
       "      <td>-17.2000</td>\n",
       "      <td>-15.900</td>\n",
       "      <td>1.07</td>\n",
       "      <td>2.920</td>\n",
       "      <td>-6.380</td>\n",
       "      <td>0.289</td>\n",
       "      <td>2.7700</td>\n",
       "      <td>2.190</td>\n",
       "      <td>3.280</td>\n",
       "      <td>-1.31</td>\n",
       "      <td>-5.350</td>\n",
       "      <td>-16.500</td>\n",
       "      <td>-16.50</td>\n",
       "      <td>143.00</td>\n",
       "    </tr>\n",
       "    <tr>\n",
       "      <th>4</th>\n",
       "      <td>-3.1100</td>\n",
       "      <td>-5.120</td>\n",
       "      <td>-7.85</td>\n",
       "      <td>-10.400</td>\n",
       "      <td>-4.950</td>\n",
       "      <td>-6.730</td>\n",
       "      <td>12.4000</td>\n",
       "      <td>11.900</td>\n",
       "      <td>-10.700</td>\n",
       "      <td>10.10</td>\n",
       "      <td>-3.700</td>\n",
       "      <td>-2.650</td>\n",
       "      <td>-3.81</td>\n",
       "      <td>18.60</td>\n",
       "    </tr>\n",
       "    <tr>\n",
       "      <th>...</th>\n",
       "      <td>...</td>\n",
       "      <td>...</td>\n",
       "      <td>...</td>\n",
       "      <td>...</td>\n",
       "      <td>...</td>\n",
       "      <td>...</td>\n",
       "      <td>...</td>\n",
       "      <td>...</td>\n",
       "      <td>...</td>\n",
       "      <td>...</td>\n",
       "      <td>...</td>\n",
       "      <td>...</td>\n",
       "      <td>...</td>\n",
       "      <td>...</td>\n",
       "    </tr>\n",
       "    <tr>\n",
       "      <th>295</th>\n",
       "      <td>-0.0661</td>\n",
       "      <td>-11.400</td>\n",
       "      <td>13.10</td>\n",
       "      <td>-1.930</td>\n",
       "      <td>0.938</td>\n",
       "      <td>11.700</td>\n",
       "      <td>-0.8460</td>\n",
       "      <td>-1.510</td>\n",
       "      <td>-3.170</td>\n",
       "      <td>14.80</td>\n",
       "      <td>0.376</td>\n",
       "      <td>-1.880</td>\n",
       "      <td>-11.10</td>\n",
       "      <td>84.70</td>\n",
       "    </tr>\n",
       "    <tr>\n",
       "      <th>296</th>\n",
       "      <td>-4.2900</td>\n",
       "      <td>-20.600</td>\n",
       "      <td>23.90</td>\n",
       "      <td>-2.570</td>\n",
       "      <td>-9.620</td>\n",
       "      <td>24.200</td>\n",
       "      <td>-4.0500</td>\n",
       "      <td>-3.620</td>\n",
       "      <td>-2.870</td>\n",
       "      <td>8.33</td>\n",
       "      <td>-9.060</td>\n",
       "      <td>-3.750</td>\n",
       "      <td>-20.20</td>\n",
       "      <td>167.00</td>\n",
       "    </tr>\n",
       "    <tr>\n",
       "      <th>297</th>\n",
       "      <td>5.4900</td>\n",
       "      <td>1.750</td>\n",
       "      <td>-9.74</td>\n",
       "      <td>2.500</td>\n",
       "      <td>-15.300</td>\n",
       "      <td>-9.400</td>\n",
       "      <td>-5.3700</td>\n",
       "      <td>-7.250</td>\n",
       "      <td>4.640</td>\n",
       "      <td>14.60</td>\n",
       "      <td>-14.100</td>\n",
       "      <td>5.810</td>\n",
       "      <td>0.71</td>\n",
       "      <td>44.10</td>\n",
       "    </tr>\n",
       "    <tr>\n",
       "      <th>298</th>\n",
       "      <td>-9.4800</td>\n",
       "      <td>-0.424</td>\n",
       "      <td>-7.50</td>\n",
       "      <td>7.560</td>\n",
       "      <td>-5.230</td>\n",
       "      <td>-8.270</td>\n",
       "      <td>-2.5800</td>\n",
       "      <td>-0.941</td>\n",
       "      <td>8.090</td>\n",
       "      <td>-8.29</td>\n",
       "      <td>-7.270</td>\n",
       "      <td>-7.870</td>\n",
       "      <td>-1.14</td>\n",
       "      <td>54.30</td>\n",
       "    </tr>\n",
       "    <tr>\n",
       "      <th>299</th>\n",
       "      <td>-9.4000</td>\n",
       "      <td>4.120</td>\n",
       "      <td>4.75</td>\n",
       "      <td>-15.500</td>\n",
       "      <td>-2.970</td>\n",
       "      <td>4.970</td>\n",
       "      <td>-6.4200</td>\n",
       "      <td>-6.520</td>\n",
       "      <td>-15.600</td>\n",
       "      <td>25.00</td>\n",
       "      <td>-3.430</td>\n",
       "      <td>-10.300</td>\n",
       "      <td>4.45</td>\n",
       "      <td>-91.70</td>\n",
       "    </tr>\n",
       "  </tbody>\n",
       "</table>\n",
       "<p>300 rows × 14 columns</p>\n",
       "</div>"
      ],
      "text/plain": [
       "          x1      x2     x3      x4      x5      x6       x7      x8      x9  \\\n",
       "0     1.6000   6.830  13.20   8.950  -3.900  13.700   1.2500   2.060   9.050   \n",
       "1     6.6800   5.940  -4.55  -2.260  -9.600  -3.720  -5.5000  -6.610  -2.960   \n",
       "2    12.6000   4.300  -3.76  -0.449  -6.020  -3.280  -0.0978  -0.264  -0.341   \n",
       "3   -17.2000 -15.900   1.07   2.920  -6.380   0.289   2.7700   2.190   3.280   \n",
       "4    -3.1100  -5.120  -7.85 -10.400  -4.950  -6.730  12.4000  11.900 -10.700   \n",
       "..       ...     ...    ...     ...     ...     ...      ...     ...     ...   \n",
       "295  -0.0661 -11.400  13.10  -1.930   0.938  11.700  -0.8460  -1.510  -3.170   \n",
       "296  -4.2900 -20.600  23.90  -2.570  -9.620  24.200  -4.0500  -3.620  -2.870   \n",
       "297   5.4900   1.750  -9.74   2.500 -15.300  -9.400  -5.3700  -7.250   4.640   \n",
       "298  -9.4800  -0.424  -7.50   7.560  -5.230  -8.270  -2.5800  -0.941   8.090   \n",
       "299  -9.4000   4.120   4.75 -15.500  -2.970   4.970  -6.4200  -6.520 -15.600   \n",
       "\n",
       "       x10     x11     x12    x13       y  \n",
       "0     0.26  -3.870   0.961   6.14   -6.77  \n",
       "1     4.50  -7.520   7.080   5.07  -23.30  \n",
       "2    -5.13  -6.210  13.500   4.53    1.43  \n",
       "3    -1.31  -5.350 -16.500 -16.50  143.00  \n",
       "4    10.10  -3.700  -2.650  -3.81   18.60  \n",
       "..     ...     ...     ...    ...     ...  \n",
       "295  14.80   0.376  -1.880 -11.10   84.70  \n",
       "296   8.33  -9.060  -3.750 -20.20  167.00  \n",
       "297  14.60 -14.100   5.810   0.71   44.10  \n",
       "298  -8.29  -7.270  -7.870  -1.14   54.30  \n",
       "299  25.00  -3.430 -10.300   4.45  -91.70  \n",
       "\n",
       "[300 rows x 14 columns]"
      ]
     },
     "execution_count": 3,
     "metadata": {},
     "output_type": "execute_result"
    }
   ],
   "source": [
    "df1"
   ]
  },
  {
   "cell_type": "code",
   "execution_count": 4,
   "id": "corporate-ownership",
   "metadata": {},
   "outputs": [
    {
     "name": "stdout",
     "output_type": "stream",
     "text": [
      "Covariance between x1 and y:\n",
      "32.99475117377959\n",
      "Covariance between x2 and y:\n",
      "-713.1757534865786\n",
      "Covariance between x3 and y:\n",
      "-61.60222367558182\n",
      "Covariance between x4 and y:\n",
      "308.01499699659746\n",
      "Covariance between x5 and y:\n",
      "-198.86241476057\n",
      "Covariance between x6 and y:\n",
      "-57.14927342528875\n",
      "Covariance between x7 and y:\n",
      "85.74642287783914\n",
      "Covariance between x8 and y:\n",
      "78.84058110013268\n",
      "Covariance between x9 and y:\n",
      "305.28850752208905\n",
      "Covariance between x10 and y:\n",
      "22.123138441743585\n",
      "Covariance between x11 and y:\n",
      "-198.04002734040915\n",
      "Covariance between x12 and y:\n",
      "37.064520283373476\n",
      "Covariance between x13 and y:\n",
      "-713.7440661990054\n"
     ]
    }
   ],
   "source": [
    "#1\n",
    "import numpy as np\n",
    "\n",
    "list1 = ['x1','x2','x3','x4','x5','x6','x7','x8','x9','x10','x11','x12','x13']\n",
    "\n",
    "for i in list1:\n",
    "    print(\"Covariance between\", i, \"and y:\")\n",
    "    print(np.cov(df1[i], df1['y'])[0, 1])"
   ]
  },
  {
   "cell_type": "code",
   "execution_count": 5,
   "id": "furnished-privacy",
   "metadata": {},
   "outputs": [
    {
     "name": "stdout",
     "output_type": "stream",
     "text": [
      "Correlation between x1 and y:\n",
      "0.03439583515839914\n",
      "Correlation between x2 and y:\n",
      "-0.8471196512152339\n",
      "Correlation between x3 and y:\n",
      "-0.0679745993758841\n",
      "Correlation between x4 and y:\n",
      "0.3512704253161431\n",
      "Correlation between x5 and y:\n",
      "-0.22646998719118497\n",
      "Correlation between x6 and y:\n",
      "-0.06307007581811734\n",
      "Correlation between x7 and y:\n",
      "0.10562943629719722\n",
      "Correlation between x8 and y:\n",
      "0.09780577897189968\n",
      "Correlation between x9 and y:\n",
      "0.34372489087663277\n",
      "Correlation between x10 and y:\n",
      "0.025719546228648933\n",
      "Correlation between x11 and y:\n",
      "-0.22495180251819702\n",
      "Correlation between x12 and y:\n",
      "0.03904697935811134\n",
      "Correlation between x13 and y:\n",
      "-0.8476333978683323\n"
     ]
    }
   ],
   "source": [
    "#1\n",
    "for i in list1:\n",
    "    print(\"Correlation between\", i, \"and y:\")\n",
    "    print(df1[[i, 'y']].corr().iloc[0, 1])"
   ]
  },
  {
   "cell_type": "code",
   "execution_count": 6,
   "id": "cheap-spirituality",
   "metadata": {},
   "outputs": [
    {
     "name": "stdout",
     "output_type": "stream",
     "text": [
      "Absolute Correlation between x1 and y:\n",
      "0.03439583515839914\n",
      "Absolute Correlation between x2 and y:\n",
      "0.8471196512152339\n",
      "Absolute Correlation between x3 and y:\n",
      "0.0679745993758841\n",
      "Absolute Correlation between x4 and y:\n",
      "0.3512704253161431\n",
      "Absolute Correlation between x5 and y:\n",
      "0.22646998719118497\n",
      "Absolute Correlation between x6 and y:\n",
      "0.06307007581811734\n",
      "Absolute Correlation between x7 and y:\n",
      "0.10562943629719722\n",
      "Absolute Correlation between x8 and y:\n",
      "0.09780577897189968\n",
      "Absolute Correlation between x9 and y:\n",
      "0.34372489087663277\n",
      "Absolute Correlation between x10 and y:\n",
      "0.025719546228648933\n",
      "Absolute Correlation between x11 and y:\n",
      "0.22495180251819702\n",
      "Absolute Correlation between x12 and y:\n",
      "0.03904697935811134\n",
      "Absolute Correlation between x13 and y:\n",
      "0.8476333978683323\n"
     ]
    }
   ],
   "source": [
    "#2\n",
    "for i in list1:\n",
    "    print(\"Absolute Correlation between\", i, \"and y:\")\n",
    "    print(abs(df1[[i, 'y']].corr().iloc[0, 1]))"
   ]
  },
  {
   "cell_type": "code",
   "execution_count": 12,
   "id": "fluid-birthday",
   "metadata": {},
   "outputs": [
    {
     "data": {
      "text/html": [
       "<div>\n",
       "<style scoped>\n",
       "    .dataframe tbody tr th:only-of-type {\n",
       "        vertical-align: middle;\n",
       "    }\n",
       "\n",
       "    .dataframe tbody tr th {\n",
       "        vertical-align: top;\n",
       "    }\n",
       "\n",
       "    .dataframe thead th {\n",
       "        text-align: right;\n",
       "    }\n",
       "</style>\n",
       "<table border=\"1\" class=\"dataframe\">\n",
       "  <thead>\n",
       "    <tr style=\"text-align: right;\">\n",
       "      <th></th>\n",
       "      <th>x1</th>\n",
       "      <th>x2</th>\n",
       "      <th>x3</th>\n",
       "      <th>x4</th>\n",
       "      <th>x5</th>\n",
       "      <th>x6</th>\n",
       "      <th>x7</th>\n",
       "      <th>x8</th>\n",
       "      <th>x9</th>\n",
       "      <th>x10</th>\n",
       "      <th>x11</th>\n",
       "      <th>x12</th>\n",
       "      <th>x13</th>\n",
       "      <th>y</th>\n",
       "    </tr>\n",
       "  </thead>\n",
       "  <tbody>\n",
       "    <tr>\n",
       "      <th>x1</th>\n",
       "      <td>1.000000</td>\n",
       "      <td>0.075955</td>\n",
       "      <td>0.059424</td>\n",
       "      <td>0.002676</td>\n",
       "      <td>0.086921</td>\n",
       "      <td>0.065046</td>\n",
       "      <td>0.008892</td>\n",
       "      <td>0.020770</td>\n",
       "      <td>0.006724</td>\n",
       "      <td>0.001705</td>\n",
       "      <td>0.090024</td>\n",
       "      <td>0.995722</td>\n",
       "      <td>0.072600</td>\n",
       "      <td>0.034396</td>\n",
       "    </tr>\n",
       "    <tr>\n",
       "      <th>x2</th>\n",
       "      <td>0.075955</td>\n",
       "      <td>1.000000</td>\n",
       "      <td>0.029280</td>\n",
       "      <td>0.120603</td>\n",
       "      <td>0.026855</td>\n",
       "      <td>0.032119</td>\n",
       "      <td>0.105530</td>\n",
       "      <td>0.096248</td>\n",
       "      <td>0.128201</td>\n",
       "      <td>0.038456</td>\n",
       "      <td>0.023787</td>\n",
       "      <td>0.075906</td>\n",
       "      <td>0.994414</td>\n",
       "      <td>0.847120</td>\n",
       "    </tr>\n",
       "    <tr>\n",
       "      <th>x3</th>\n",
       "      <td>0.059424</td>\n",
       "      <td>0.029280</td>\n",
       "      <td>1.000000</td>\n",
       "      <td>0.045139</td>\n",
       "      <td>0.073930</td>\n",
       "      <td>0.996283</td>\n",
       "      <td>0.087486</td>\n",
       "      <td>0.090134</td>\n",
       "      <td>0.043831</td>\n",
       "      <td>0.077369</td>\n",
       "      <td>0.076938</td>\n",
       "      <td>0.055083</td>\n",
       "      <td>0.017435</td>\n",
       "      <td>0.067975</td>\n",
       "    </tr>\n",
       "    <tr>\n",
       "      <th>x4</th>\n",
       "      <td>0.002676</td>\n",
       "      <td>0.120603</td>\n",
       "      <td>0.045139</td>\n",
       "      <td>1.000000</td>\n",
       "      <td>0.064583</td>\n",
       "      <td>0.041310</td>\n",
       "      <td>0.065060</td>\n",
       "      <td>0.065583</td>\n",
       "      <td>0.995679</td>\n",
       "      <td>0.003966</td>\n",
       "      <td>0.063745</td>\n",
       "      <td>0.006417</td>\n",
       "      <td>0.119054</td>\n",
       "      <td>0.351270</td>\n",
       "    </tr>\n",
       "    <tr>\n",
       "      <th>x5</th>\n",
       "      <td>0.086921</td>\n",
       "      <td>0.026855</td>\n",
       "      <td>0.073930</td>\n",
       "      <td>0.064583</td>\n",
       "      <td>1.000000</td>\n",
       "      <td>0.073527</td>\n",
       "      <td>0.116867</td>\n",
       "      <td>0.125396</td>\n",
       "      <td>0.060748</td>\n",
       "      <td>0.061524</td>\n",
       "      <td>0.995269</td>\n",
       "      <td>0.078471</td>\n",
       "      <td>0.042930</td>\n",
       "      <td>0.226470</td>\n",
       "    </tr>\n",
       "    <tr>\n",
       "      <th>x6</th>\n",
       "      <td>0.065046</td>\n",
       "      <td>0.032119</td>\n",
       "      <td>0.996283</td>\n",
       "      <td>0.041310</td>\n",
       "      <td>0.073527</td>\n",
       "      <td>1.000000</td>\n",
       "      <td>0.088215</td>\n",
       "      <td>0.090439</td>\n",
       "      <td>0.040239</td>\n",
       "      <td>0.080826</td>\n",
       "      <td>0.077099</td>\n",
       "      <td>0.061066</td>\n",
       "      <td>0.020911</td>\n",
       "      <td>0.063070</td>\n",
       "    </tr>\n",
       "    <tr>\n",
       "      <th>x7</th>\n",
       "      <td>0.008892</td>\n",
       "      <td>0.105530</td>\n",
       "      <td>0.087486</td>\n",
       "      <td>0.065060</td>\n",
       "      <td>0.116867</td>\n",
       "      <td>0.088215</td>\n",
       "      <td>1.000000</td>\n",
       "      <td>0.993901</td>\n",
       "      <td>0.074812</td>\n",
       "      <td>0.106301</td>\n",
       "      <td>0.108384</td>\n",
       "      <td>0.010618</td>\n",
       "      <td>0.096714</td>\n",
       "      <td>0.105629</td>\n",
       "    </tr>\n",
       "    <tr>\n",
       "      <th>x8</th>\n",
       "      <td>0.020770</td>\n",
       "      <td>0.096248</td>\n",
       "      <td>0.090134</td>\n",
       "      <td>0.065583</td>\n",
       "      <td>0.125396</td>\n",
       "      <td>0.090439</td>\n",
       "      <td>0.993901</td>\n",
       "      <td>1.000000</td>\n",
       "      <td>0.074807</td>\n",
       "      <td>0.107296</td>\n",
       "      <td>0.117394</td>\n",
       "      <td>0.022323</td>\n",
       "      <td>0.087437</td>\n",
       "      <td>0.097806</td>\n",
       "    </tr>\n",
       "    <tr>\n",
       "      <th>x9</th>\n",
       "      <td>0.006724</td>\n",
       "      <td>0.128201</td>\n",
       "      <td>0.043831</td>\n",
       "      <td>0.995679</td>\n",
       "      <td>0.060748</td>\n",
       "      <td>0.040239</td>\n",
       "      <td>0.074812</td>\n",
       "      <td>0.074807</td>\n",
       "      <td>1.000000</td>\n",
       "      <td>0.012929</td>\n",
       "      <td>0.059569</td>\n",
       "      <td>0.011000</td>\n",
       "      <td>0.126295</td>\n",
       "      <td>0.343725</td>\n",
       "    </tr>\n",
       "    <tr>\n",
       "      <th>x10</th>\n",
       "      <td>0.001705</td>\n",
       "      <td>0.038456</td>\n",
       "      <td>0.077369</td>\n",
       "      <td>0.003966</td>\n",
       "      <td>0.061524</td>\n",
       "      <td>0.080826</td>\n",
       "      <td>0.106301</td>\n",
       "      <td>0.107296</td>\n",
       "      <td>0.012929</td>\n",
       "      <td>1.000000</td>\n",
       "      <td>0.048762</td>\n",
       "      <td>0.004052</td>\n",
       "      <td>0.031705</td>\n",
       "      <td>0.025720</td>\n",
       "    </tr>\n",
       "    <tr>\n",
       "      <th>x11</th>\n",
       "      <td>0.090024</td>\n",
       "      <td>0.023787</td>\n",
       "      <td>0.076938</td>\n",
       "      <td>0.063745</td>\n",
       "      <td>0.995269</td>\n",
       "      <td>0.077099</td>\n",
       "      <td>0.108384</td>\n",
       "      <td>0.117394</td>\n",
       "      <td>0.059569</td>\n",
       "      <td>0.048762</td>\n",
       "      <td>1.000000</td>\n",
       "      <td>0.081357</td>\n",
       "      <td>0.039319</td>\n",
       "      <td>0.224952</td>\n",
       "    </tr>\n",
       "    <tr>\n",
       "      <th>x12</th>\n",
       "      <td>0.995722</td>\n",
       "      <td>0.075906</td>\n",
       "      <td>0.055083</td>\n",
       "      <td>0.006417</td>\n",
       "      <td>0.078471</td>\n",
       "      <td>0.061066</td>\n",
       "      <td>0.010618</td>\n",
       "      <td>0.022323</td>\n",
       "      <td>0.011000</td>\n",
       "      <td>0.004052</td>\n",
       "      <td>0.081357</td>\n",
       "      <td>1.000000</td>\n",
       "      <td>0.071510</td>\n",
       "      <td>0.039047</td>\n",
       "    </tr>\n",
       "    <tr>\n",
       "      <th>x13</th>\n",
       "      <td>0.072600</td>\n",
       "      <td>0.994414</td>\n",
       "      <td>0.017435</td>\n",
       "      <td>0.119054</td>\n",
       "      <td>0.042930</td>\n",
       "      <td>0.020911</td>\n",
       "      <td>0.096714</td>\n",
       "      <td>0.087437</td>\n",
       "      <td>0.126295</td>\n",
       "      <td>0.031705</td>\n",
       "      <td>0.039319</td>\n",
       "      <td>0.071510</td>\n",
       "      <td>1.000000</td>\n",
       "      <td>0.847633</td>\n",
       "    </tr>\n",
       "    <tr>\n",
       "      <th>y</th>\n",
       "      <td>0.034396</td>\n",
       "      <td>0.847120</td>\n",
       "      <td>0.067975</td>\n",
       "      <td>0.351270</td>\n",
       "      <td>0.226470</td>\n",
       "      <td>0.063070</td>\n",
       "      <td>0.105629</td>\n",
       "      <td>0.097806</td>\n",
       "      <td>0.343725</td>\n",
       "      <td>0.025720</td>\n",
       "      <td>0.224952</td>\n",
       "      <td>0.039047</td>\n",
       "      <td>0.847633</td>\n",
       "      <td>1.000000</td>\n",
       "    </tr>\n",
       "  </tbody>\n",
       "</table>\n",
       "</div>"
      ],
      "text/plain": [
       "           x1        x2        x3        x4        x5        x6        x7  \\\n",
       "x1   1.000000  0.075955  0.059424  0.002676  0.086921  0.065046  0.008892   \n",
       "x2   0.075955  1.000000  0.029280  0.120603  0.026855  0.032119  0.105530   \n",
       "x3   0.059424  0.029280  1.000000  0.045139  0.073930  0.996283  0.087486   \n",
       "x4   0.002676  0.120603  0.045139  1.000000  0.064583  0.041310  0.065060   \n",
       "x5   0.086921  0.026855  0.073930  0.064583  1.000000  0.073527  0.116867   \n",
       "x6   0.065046  0.032119  0.996283  0.041310  0.073527  1.000000  0.088215   \n",
       "x7   0.008892  0.105530  0.087486  0.065060  0.116867  0.088215  1.000000   \n",
       "x8   0.020770  0.096248  0.090134  0.065583  0.125396  0.090439  0.993901   \n",
       "x9   0.006724  0.128201  0.043831  0.995679  0.060748  0.040239  0.074812   \n",
       "x10  0.001705  0.038456  0.077369  0.003966  0.061524  0.080826  0.106301   \n",
       "x11  0.090024  0.023787  0.076938  0.063745  0.995269  0.077099  0.108384   \n",
       "x12  0.995722  0.075906  0.055083  0.006417  0.078471  0.061066  0.010618   \n",
       "x13  0.072600  0.994414  0.017435  0.119054  0.042930  0.020911  0.096714   \n",
       "y    0.034396  0.847120  0.067975  0.351270  0.226470  0.063070  0.105629   \n",
       "\n",
       "           x8        x9       x10       x11       x12       x13         y  \n",
       "x1   0.020770  0.006724  0.001705  0.090024  0.995722  0.072600  0.034396  \n",
       "x2   0.096248  0.128201  0.038456  0.023787  0.075906  0.994414  0.847120  \n",
       "x3   0.090134  0.043831  0.077369  0.076938  0.055083  0.017435  0.067975  \n",
       "x4   0.065583  0.995679  0.003966  0.063745  0.006417  0.119054  0.351270  \n",
       "x5   0.125396  0.060748  0.061524  0.995269  0.078471  0.042930  0.226470  \n",
       "x6   0.090439  0.040239  0.080826  0.077099  0.061066  0.020911  0.063070  \n",
       "x7   0.993901  0.074812  0.106301  0.108384  0.010618  0.096714  0.105629  \n",
       "x8   1.000000  0.074807  0.107296  0.117394  0.022323  0.087437  0.097806  \n",
       "x9   0.074807  1.000000  0.012929  0.059569  0.011000  0.126295  0.343725  \n",
       "x10  0.107296  0.012929  1.000000  0.048762  0.004052  0.031705  0.025720  \n",
       "x11  0.117394  0.059569  0.048762  1.000000  0.081357  0.039319  0.224952  \n",
       "x12  0.022323  0.011000  0.004052  0.081357  1.000000  0.071510  0.039047  \n",
       "x13  0.087437  0.126295  0.031705  0.039319  0.071510  1.000000  0.847633  \n",
       "y    0.097806  0.343725  0.025720  0.224952  0.039047  0.847633  1.000000  "
      ]
     },
     "execution_count": 12,
     "metadata": {},
     "output_type": "execute_result"
    }
   ],
   "source": [
    "abs(df1.corr())"
   ]
  },
  {
   "cell_type": "code",
   "execution_count": 10,
   "id": "invalid-recognition",
   "metadata": {},
   "outputs": [
    {
     "name": "stdout",
     "output_type": "stream",
     "text": [
      "[[1.         0.07595459 0.05942429 0.00267634 0.08692089 0.06504631\n",
      "  0.00889225 0.0207703  0.00672369 0.00170452 0.09002429 0.99572215\n",
      "  0.07260001]\n",
      " [0.07595459 1.         0.02927994 0.12060321 0.02685481 0.03211852\n",
      "  0.10552963 0.09624805 0.12820065 0.03845622 0.02378692 0.07590572\n",
      "  0.99441438]\n",
      " [0.05942429 0.02927994 1.         0.04513922 0.07393045 0.99628269\n",
      "  0.08748584 0.09013399 0.04383112 0.07736947 0.07693841 0.05508321\n",
      "  0.01743517]\n",
      " [0.00267634 0.12060321 0.04513922 1.         0.06458309 0.04130966\n",
      "  0.06506027 0.06558274 0.99567941 0.00396563 0.06374454 0.00641681\n",
      "  0.11905385]\n",
      " [0.08692089 0.02685481 0.07393045 0.06458309 1.         0.07352704\n",
      "  0.11686741 0.12539589 0.06074762 0.06152411 0.99526857 0.07847116\n",
      "  0.04292984]\n",
      " [0.06504631 0.03211852 0.99628269 0.04130966 0.07352704 1.\n",
      "  0.08821533 0.09043939 0.04023925 0.0808257  0.07709903 0.06106561\n",
      "  0.02091109]\n",
      " [0.00889225 0.10552963 0.08748584 0.06506027 0.11686741 0.08821533\n",
      "  1.         0.99390138 0.07481185 0.10630057 0.10838436 0.01061813\n",
      "  0.09671392]\n",
      " [0.0207703  0.09624805 0.09013399 0.06558274 0.12539589 0.09043939\n",
      "  0.99390138 1.         0.07480692 0.10729615 0.11739425 0.02232259\n",
      "  0.08743681]\n",
      " [0.00672369 0.12820065 0.04383112 0.99567941 0.06074762 0.04023925\n",
      "  0.07481185 0.07480692 1.         0.01292899 0.05956875 0.01099967\n",
      "  0.12629473]\n",
      " [0.00170452 0.03845622 0.07736947 0.00396563 0.06152411 0.0808257\n",
      "  0.10630057 0.10729615 0.01292899 1.         0.04876197 0.0040515\n",
      "  0.03170536]\n",
      " [0.09002429 0.02378692 0.07693841 0.06374454 0.99526857 0.07709903\n",
      "  0.10838436 0.11739425 0.05956875 0.04876197 1.         0.08135676\n",
      "  0.03931874]\n",
      " [0.99572215 0.07590572 0.05508321 0.00641681 0.07847116 0.06106561\n",
      "  0.01061813 0.02232259 0.01099967 0.0040515  0.08135676 1.\n",
      "  0.07150964]\n",
      " [0.07260001 0.99441438 0.01743517 0.11905385 0.04292984 0.02091109\n",
      "  0.09671392 0.08743681 0.12629473 0.03170536 0.03931874 0.07150964\n",
      "  1.        ]]\n"
     ]
    }
   ],
   "source": [
    "#4\n",
    "df1_cor = abs(df1.corr())\n",
    "df1_cor.drop([\"y\"], axis = 0, inplace = True)\n",
    "df1_cor.drop([\"y\"], axis = 1, inplace = True)\n",
    "df1_cor\n",
    "C = df1_cor.to_numpy()\n",
    "print(C)"
   ]
  },
  {
   "cell_type": "code",
   "execution_count": 14,
   "id": "colored-lingerie",
   "metadata": {},
   "outputs": [
    {
     "data": {
      "text/plain": [
       "array([[  1.6  ,   6.83 ,  13.2  , ...,  -3.87 ,   0.961,   6.14 ],\n",
       "       [  6.68 ,   5.94 ,  -4.55 , ...,  -7.52 ,   7.08 ,   5.07 ],\n",
       "       [ 12.6  ,   4.3  ,  -3.76 , ...,  -6.21 ,  13.5  ,   4.53 ],\n",
       "       ...,\n",
       "       [  5.49 ,   1.75 ,  -9.74 , ..., -14.1  ,   5.81 ,   0.71 ],\n",
       "       [ -9.48 ,  -0.424,  -7.5  , ...,  -7.27 ,  -7.87 ,  -1.14 ],\n",
       "       [ -9.4  ,   4.12 ,   4.75 , ...,  -3.43 , -10.3  ,   4.45 ]])"
      ]
     },
     "execution_count": 14,
     "metadata": {},
     "output_type": "execute_result"
    }
   ],
   "source": [
    "df1_6_x = df1.copy()\n",
    "df1_6_x.drop([\"y\"], axis = 1, inplace = True)\n",
    "X = df1_6_x.to_numpy()\n",
    "X"
   ]
  },
  {
   "cell_type": "code",
   "execution_count": 15,
   "id": "essential-genius",
   "metadata": {},
   "outputs": [
    {
     "data": {
      "text/plain": [
       "[-6.77,\n",
       " -23.3,\n",
       " 1.43,\n",
       " 143.0,\n",
       " 18.6,\n",
       " -66.5,\n",
       " 186.0,\n",
       " 72.1,\n",
       " -45.8,\n",
       " -55.7,\n",
       " -105.0,\n",
       " -21.8,\n",
       " -159.0,\n",
       " 14.3,\n",
       " 52.2,\n",
       " 19.6,\n",
       " -79.5,\n",
       " -25.0,\n",
       " 84.6,\n",
       " -48.9,\n",
       " -30.8,\n",
       " 35.2,\n",
       " 103.0,\n",
       " 22.3,\n",
       " 91.5,\n",
       " 16.3,\n",
       " -79.4,\n",
       " -7.78,\n",
       " 4.51,\n",
       " -106.0,\n",
       " -61.4,\n",
       " 93.3,\n",
       " -124.0,\n",
       " 12.1,\n",
       " 172.0,\n",
       " -29.1,\n",
       " -30.4,\n",
       " -53.3,\n",
       " 11.8,\n",
       " -97.2,\n",
       " 73.6,\n",
       " -45.8,\n",
       " -146.0,\n",
       " -80.5,\n",
       " -90.8,\n",
       " 5.37,\n",
       " 93.5,\n",
       " -9.1,\n",
       " 268.0,\n",
       " -72.8,\n",
       " -111.0,\n",
       " 44.8,\n",
       " -22.5,\n",
       " 55.9,\n",
       " 47.5,\n",
       " -118.0,\n",
       " -34.3,\n",
       " -3.16,\n",
       " 4.9,\n",
       " 49.4,\n",
       " -20.2,\n",
       " 155.0,\n",
       " 65.9,\n",
       " 11.0,\n",
       " 153.0,\n",
       " 28.5,\n",
       " 49.3,\n",
       " -36.6,\n",
       " -129.0,\n",
       " -192.0,\n",
       " -6.19,\n",
       " 146.0,\n",
       " 11.3,\n",
       " -34.4,\n",
       " 129.0,\n",
       " 144.0,\n",
       " 10.8,\n",
       " 150.0,\n",
       " 97.4,\n",
       " 28.5,\n",
       " 161.0,\n",
       " 138.0,\n",
       " -150.0,\n",
       " 64.1,\n",
       " 87.1,\n",
       " 100.0,\n",
       " 79.6,\n",
       " 12.9,\n",
       " 30.3,\n",
       " -31.6,\n",
       " -114.0,\n",
       " 61.1,\n",
       " 61.5,\n",
       " 19.2,\n",
       " 51.6,\n",
       " 85.8,\n",
       " 178.0,\n",
       " 25.4,\n",
       " -63.0,\n",
       " -0.972,\n",
       " 87.1,\n",
       " -3.1,\n",
       " -53.1,\n",
       " -109.0,\n",
       " -79.5,\n",
       " 91.1,\n",
       " -13.2,\n",
       " 75.8,\n",
       " 98.7,\n",
       " 115.0,\n",
       " -128.0,\n",
       " -123.0,\n",
       " 183.0,\n",
       " -35.8,\n",
       " 37.2,\n",
       " 43.3,\n",
       " 64.5,\n",
       " -59.4,\n",
       " -2.07,\n",
       " 58.3,\n",
       " -37.2,\n",
       " 2.71,\n",
       " 38.5,\n",
       " -74.2,\n",
       " 52.2,\n",
       " 3.41,\n",
       " -78.3,\n",
       " 78.6,\n",
       " 15.4,\n",
       " -35.4,\n",
       " 68.1,\n",
       " -145.0,\n",
       " -41.8,\n",
       " 151.0,\n",
       " -54.9,\n",
       " 6.03,\n",
       " -45.3,\n",
       " 1.34,\n",
       " -227.0,\n",
       " 121.0,\n",
       " -29.4,\n",
       " 57.8,\n",
       " -39.1,\n",
       " -54.9,\n",
       " -0.332,\n",
       " 33.2,\n",
       " 59.0,\n",
       " 105.0,\n",
       " -189.0,\n",
       " -17.4,\n",
       " 118.0,\n",
       " 26.3,\n",
       " 16.5,\n",
       " 14.5,\n",
       " 12.5,\n",
       " 99.9,\n",
       " -66.1,\n",
       " -74.2,\n",
       " 51.7,\n",
       " -12.0,\n",
       " -94.1,\n",
       " -79.0,\n",
       " -57.7,\n",
       " -40.1,\n",
       " 165.0,\n",
       " -28.3,\n",
       " -133.0,\n",
       " -168.0,\n",
       " -74.1,\n",
       " 21.3,\n",
       " -3.36,\n",
       " 6.41,\n",
       " -125.0,\n",
       " 20.9,\n",
       " 40.3,\n",
       " -126.0,\n",
       " 43.4,\n",
       " -10.0,\n",
       " 40.9,\n",
       " -61.7,\n",
       " 63.2,\n",
       " 42.3,\n",
       " -29.6,\n",
       " 197.0,\n",
       " -5.72,\n",
       " 64.7,\n",
       " -117.0,\n",
       " 75.4,\n",
       " 122.0,\n",
       " -22.9,\n",
       " -26.4,\n",
       " 39.2,\n",
       " -184.0,\n",
       " -67.7,\n",
       " 97.6,\n",
       " -134.0,\n",
       " -109.0,\n",
       " -35.5,\n",
       " -36.6,\n",
       " -93.3,\n",
       " -1.69,\n",
       " 16.6,\n",
       " 13.5,\n",
       " -94.4,\n",
       " 101.0,\n",
       " 63.8,\n",
       " -10.1,\n",
       " -6.39,\n",
       " 77.3,\n",
       " -0.301,\n",
       " -93.2,\n",
       " 122.0,\n",
       " 172.0,\n",
       " 54.5,\n",
       " -64.1,\n",
       " 163.0,\n",
       " -70.3,\n",
       " -59.3,\n",
       " -36.3,\n",
       " 37.0,\n",
       " -91.9,\n",
       " -49.5,\n",
       " 216.0,\n",
       " 27.8,\n",
       " 181.0,\n",
       " 25.2,\n",
       " -3.19,\n",
       " -74.8,\n",
       " -102.0,\n",
       " -74.7,\n",
       " -30.2,\n",
       " -55.0,\n",
       " 77.2,\n",
       " 48.2,\n",
       " 7.95,\n",
       " -204.0,\n",
       " -43.1,\n",
       " 39.8,\n",
       " -73.7,\n",
       " -0.0602,\n",
       " 7.22,\n",
       " -105.0,\n",
       " -12.3,\n",
       " -88.2,\n",
       " 5.8,\n",
       " -8.53,\n",
       " 34.8,\n",
       " -52.5,\n",
       " -0.494,\n",
       " 53.0,\n",
       " -34.1,\n",
       " 79.7,\n",
       " 51.9,\n",
       " 27.5,\n",
       " 73.2,\n",
       " -127.0,\n",
       " 7.51,\n",
       " -31.5,\n",
       " 69.1,\n",
       " -77.9,\n",
       " 201.0,\n",
       " 79.8,\n",
       " 56.1,\n",
       " -142.0,\n",
       " -52.4,\n",
       " -9.96,\n",
       " -62.5,\n",
       " -51.8,\n",
       " -73.9,\n",
       " -10.9,\n",
       " -72.4,\n",
       " 177.0,\n",
       " -53.0,\n",
       " 71.8,\n",
       " 23.0,\n",
       " -20.0,\n",
       " 142.0,\n",
       " -24.9,\n",
       " -110.0,\n",
       " -11.4,\n",
       " -223.0,\n",
       " 72.0,\n",
       " 181.0,\n",
       " 104.0,\n",
       " 31.8,\n",
       " -51.8,\n",
       " -20.0,\n",
       " -41.8,\n",
       " 111.0,\n",
       " -19.4,\n",
       " -98.8,\n",
       " 145.0,\n",
       " 0.0165,\n",
       " 67.2,\n",
       " -20.2,\n",
       " 84.7,\n",
       " 167.0,\n",
       " 44.1,\n",
       " 54.3,\n",
       " -91.7]"
      ]
     },
     "execution_count": 15,
     "metadata": {},
     "output_type": "execute_result"
    }
   ],
   "source": [
    "df1_6_y = df1.copy()\n",
    "df1_6_y.drop(['x1', 'x2', 'x3', 'x4', 'x5','x6','x7','x8','x9','x10','x11','x12','x13'], axis = 1, inplace = True)\n",
    "df1_6_y\n",
    "\n",
    "def flatten(t):\n",
    "    return [item for sublist in t for item in sublist]\n",
    "\n",
    "y = flatten(df1_6_y.to_numpy())\n",
    "y"
   ]
  },
  {
   "cell_type": "code",
   "execution_count": 16,
   "id": "spoken-level",
   "metadata": {},
   "outputs": [
    {
     "name": "stdout",
     "output_type": "stream",
     "text": [
      "Coefficients from b1 to b13:  [ 2.65189441e-03 -7.99645122e+00 -1.04091817e-02  4.01003511e+00\n",
      " -1.14028425e-02 -4.90312608e-01 -1.55815206e-02  1.13999462e-01\n",
      " -1.02390735e-02 -6.11799055e-04 -1.99092302e+00  9.99191309e-01\n",
      " -4.11159056e-03]\n",
      "Coefficient b0:  9.987224967793953\n"
     ]
    }
   ],
   "source": [
    "#6-7\n",
    "from sklearn import linear_model\n",
    "reg = linear_model.LinearRegression()\n",
    "reg.fit(X, y)\n",
    "b_i = reg.coef_\n",
    "b_0 = reg.intercept_\n",
    "print('Coefficients from b1 to b13: ', b_i)\n",
    "print('Coefficient b0: ', b_0)\n",
    " "
   ]
  },
  {
   "cell_type": "code",
   "execution_count": 17,
   "id": "geographic-landing",
   "metadata": {},
   "outputs": [
    {
     "data": {
      "text/plain": [
       "0.04143876243119763"
      ]
     },
     "execution_count": 17,
     "metadata": {},
     "output_type": "execute_result"
    }
   ],
   "source": [
    "#8\n",
    "from sklearn.metrics import mean_squared_error\n",
    "reg_fit = reg.fit(X, y)\n",
    "y_pred = reg_fit.predict(X)\n",
    "mse = mean_squared_error(y,y_pred)\n",
    "mse"
   ]
  },
  {
   "cell_type": "code",
   "execution_count": 19,
   "id": "comparable-bachelor",
   "metadata": {},
   "outputs": [
    {
     "data": {
      "text/plain": [
       "array([ 2.28405167e-01, -6.76667367e+02, -7.92248752e-01,  3.16146378e+02,\n",
       "       -9.48407772e-01, -3.73109920e+01, -1.35459161e+00,  9.84787145e+00,\n",
       "       -8.16286274e-01, -5.05447546e-01, -1.66153558e+02,  8.51571324e+01,\n",
       "       -3.48452624e-01])"
      ]
     },
     "execution_count": 19,
     "metadata": {},
     "output_type": "execute_result"
    }
   ],
   "source": [
    "#9\n",
    "X_matrix = np.matmul(X.transpose(),X)\n",
    "X_matrix\n",
    "h = np.linalg.inv(X_matrix)\n",
    "\n",
    "t_value = np.array([])\n",
    "for i in range(0,13):\n",
    "    t_value = np.append(t_value, b_i[i]/(mse**(1/2) * (h[i,i])**(1/2)))\n",
    "\n",
    "t_value"
   ]
  },
  {
   "cell_type": "code",
   "execution_count": 20,
   "id": "tropical-tanzania",
   "metadata": {},
   "outputs": [
    {
     "name": "stdout",
     "output_type": "stream",
     "text": [
      "x1 is irrelevant\n",
      "x3 is irrelevant\n",
      "x5 is irrelevant\n",
      "x7 is irrelevant\n",
      "x9 is irrelevant\n",
      "x10 is irrelevant\n",
      "x13 is irrelevant\n"
     ]
    }
   ],
   "source": [
    "#10\n",
    "list2 = ['t1','t2','t3','t4','t5','t6','t7','t8','t9','t10','t11','t12','t13']\n",
    "\n",
    "for i in range(0, len(t_value)):\n",
    "    if abs(t_value[i]) < 1.968293:\n",
    "        print(list1[i], \"is irrelevant\")\n"
   ]
  },
  {
   "cell_type": "code",
   "execution_count": 30,
   "id": "likely-european",
   "metadata": {},
   "outputs": [
    {
     "data": {
